0.166667 0.666667 7.725040740259114e+92
0.3333333333333333 0.6666666666666666 -1.39329243181765e+95
0.5 0.6666666666666666 -1.822716827208581e+95
0.6666666666666666 0.6666666666666666 -1.125883149487155e+95
0.8333333333333333 0.6666666666666666 -4.026357171729398e+94
0.1666666666666667 0.8333333333333333 6.549843934396105e+94
0.3333333333333333 0.8333333333333333 4.765605175087869e+94
0.5 0.8333333333333333 3.061417683749712e+93
0.6666666666666666 0.8333333333333333 -3.020696101167675e+94
0.8333333333333333 0.8333333333333333 -2.603851656888064e+94
