0.166667 0.166667 -1.900179876321922e+101
0.3333333333333333 0.1666666666666667 -1.059441474324477e+101
0.5 0.1666666666666667 2.322010670590083e+100
0.6666666666666666 0.1666666666666667 8.351461737760196e+100
0.8333333333333333 0.1666666666666667 5.018878012776851e+100
0.1666666666666667 0.3333333333333333 2.336456491174171e+100
0.3333333333333333 0.3333333333333333 4.270775211107027e+101
0.5 0.3333333333333333 4.685223581249441e+101
0.6666666666666666 0.3333333333333333 2.063305577176157e+101
0.8333333333333333 0.3333333333333333 6.093946361877899e+100
0.1666666666666667 0.5 2.976218364593834e+101
0.3333333333333333 0.5 3.059849866178191e+101
0.5 0.5 -2.685330406053084e+101
0.6666666666666666 0.5 -7.472236445584631e+101
0.8333333333333333 0.5 -3.253559717457584e+101
