0.166667 0.166667 6.54984393439611e+94
0.3333333333333333 0.1666666666666667 4.765605175087869e+94
0.5 0.1666666666666667 3.061417683749807e+93
0.6666666666666666 0.1666666666666667 -3.020696101167676e+94
0.8333333333333333 0.1666666666666667 -2.603851656888066e+94
0.1666666666666667 0.3333333333333333 7.725040740259308e+92
0.3333333333333333 0.3333333333333333 -1.393292431817651e+95
0.5 0.3333333333333333 -1.82271682720858e+95
0.6666666666666666 0.3333333333333333 -1.125883149487155e+95
0.8333333333333333 0.3333333333333333 -4.026357171729398e+94
0.1666666666666667 0.5 -9.77233513525105e+94
0.3333333333333333 0.5 -1.48218712464091e+95
0.5 0.5 4.106315110057994e+94
0.6666666666666666 0.5 2.569004578647273e+95
0.8333333333333333 0.5 1.770521138689302e+95
