0.166667 0.166667 -1.098487439349496e+72
0.3333333333333333 0.1666666666666667 2.143294069315498e+72
0.5 0.1666666666666667 4.033008353599262e+72
0.6666666666666666 0.1666666666666667 2.528987687699812e+72
0.8333333333333333 0.1666666666666667 9.477568364895697e+71
0.1666666666666667 0.3333333333333333 4.555028374837975e+72
0.3333333333333333 0.3333333333333333 6.691826126170344e+72
0.5 0.3333333333333333 3.218648655820995e+72
0.6666666666666666 0.3333333333333333 -2.397236239145124e+72
0.8333333333333333 0.3333333333333333 -1.853302770277484e+72
0.1666666666666667 0.5 3.52428319210277e+72
0.3333333333333333 0.5 -1.485939620175836e+73
0.5 0.5 -2.045317072132302e+73
0.6666666666666666 0.5 -1.527085036058186e+73
0.8333333333333333 0.5 -3.430523638248718e+72
