0.166667 0.666667 1639417597048.868
0.3333333333333333 0.6666666666666666 2653647348032.299
0.5 0.6666666666666666 1980402459226.102
0.6666666666666666 0.6666666666666666 142350041488.6448
0.8333333333333333 0.6666666666666666 -600425586187.9855
0.1666666666666667 0.8333333333333333 -701341719747.5205
0.3333333333333333 0.8333333333333333 328770598061.8318
0.5 0.8333333333333333 1050711997925.408
0.6666666666666666 0.8333333333333333 913718370430.6725
0.8333333333333333 0.8333333333333333 508221565558.21
