0.166667 0.666667 -1.266566830852186e+66
0.3333333333333333 0.6666666666666666 -5.124143738653088e+66
0.5 0.6666666666666666 -5.923675482537384e+66
0.6666666666666666 0.6666666666666666 -3.025939413533211e+66
0.8333333333333333 0.6666666666666666 -1.397727595270068e+66
0.1666666666666667 0.8333333333333333 2.361945233995171e+66
0.3333333333333333 0.8333333333333333 1.370392729123162e+66
0.5 0.8333333333333333 1.112082518727145e+65
0.6666666666666666 0.8333333333333333 -2.893095960381142e+65
0.8333333333333333 0.8333333333333333 -4.837923501225741e+65
