0.166667 0.666667 -6.296322228845951e+50
0.3333333333333333 0.6666666666666666 -1.814642318601814e+49
0.5 0.6666666666666666 1.181718385800646e+50
0.6666666666666666 0.6666666666666666 4.170226892710805e+50
0.8333333333333333 0.6666666666666666 2.453727737988377e+50
0.1666666666666667 0.8333333333333333 -1.813041577653448e+50
0.3333333333333333 0.8333333333333333 -3.387204564694334e+50
0.5 0.8333333333333333 -3.813697204243529e+50
0.6666666666666666 0.8333333333333333 -1.546123632641532e+50
0.8333333333333333 0.8333333333333333 -6.041962822407222e+49
