0.166667 0.166667 7.234091912995138e+131
0.3333333333333333 0.1666666666666667 -2.294761131969698e+132
0.5 0.1666666666666667 -3.0988551634352e+132
0.6666666666666666 0.1666666666666667 -7.002447521774381e+131
0.8333333333333333 0.1666666666666667 1.449011341818705e+131
0.1666666666666667 0.3333333333333333 -5.328173299815982e+132
0.3333333333333333 0.3333333333333333 -4.329345210728947e+132
0.5 0.3333333333333333 2.226104334801646e+131
0.6666666666666666 0.3333333333333333 4.278408070903118e+132
0.8333333333333333 0.3333333333333333 2.146110699658101e+132
0.1666666666666667 0.5 -1.981893549305465e+132
0.3333333333333333 0.5 2.42551134661283e+133
0.5 0.5 2.576737457779869e+133
0.6666666666666666 0.5 1.631874957227259e+133
0.8333333333333333 0.5 7.245529375710739e+132
