0.166667 0.166667 2.361945233995172e+66
0.3333333333333333 0.1666666666666667 1.370392729123161e+66
0.5 0.1666666666666667 1.112082518727146e+65
0.6666666666666666 0.1666666666666667 -2.89309596038114e+65
0.8333333333333333 0.1666666666666667 -4.837923501225737e+65
0.1666666666666667 0.3333333333333333 -1.266566830852185e+66
0.3333333333333333 0.3333333333333333 -5.124143738653087e+66
0.5 0.3333333333333333 -5.923675482537384e+66
0.6666666666666666 0.3333333333333333 -3.025939413533211e+66
0.8333333333333333 0.3333333333333333 -1.397727595270067e+66
0.1666666666666667 0.5 -3.589060812087783e+66
0.3333333333333333 0.5 1.410045491843945e+66
0.5 0.5 6.073401926658701e+66
0.6666666666666666 0.5 1.153681149296348e+67
0.8333333333333333 0.5 8.373353369095761e+66
