0.166667 0.666667 1.193619221948707e+98
0.3333333333333333 0.6666666666666666 1.859306186311245e+98
0.5 0.6666666666666666 1.712051532172733e+98
0.6666666666666666 0.6666666666666666 3.532456045678424e+97
0.8333333333333333 0.6666666666666666 -1.268216567750566e+97
0.1666666666666667 0.8333333333333333 -4.831583231271334e+97
0.3333333333333333 0.8333333333333333 1.580623212556518e+97
0.5 0.8333333333333333 6.747615588146758e+97
0.6666666666666666 0.8333333333333333 5.810864945483703e+97
0.8333333333333333 0.8333333333333333 3.893052259078064e+97
