0.166667 0.166667 2.473723878907674e+56
0.3333333333333333 0.1666666666666667 1.319033076687012e+55
0.5 0.1666666666666667 -2.3442987072893e+56
0.6666666666666666 0.1666666666666667 -2.400828613698726e+56
0.8333333333333333 0.1666666666666667 -1.157457283861735e+56
0.1666666666666667 0.3333333333333333 -2.600365806322228e+56
0.3333333333333333 0.3333333333333333 -7.560019867918898e+56
0.5 0.3333333333333333 -6.522280981241826e+56
0.6666666666666666 0.3333333333333333 -6.049520812425945e+55
0.8333333333333333 0.3333333333333333 1.210680613474488e+56
0.1666666666666667 0.5 -4.542435109291385e+56
0.3333333333333333 0.5 5.331033867260795e+56
0.5 0.5 1.49583525847242e+57
0.6666666666666666 0.5 1.88214603391729e+57
0.8333333333333333 0.5 8.30895532063125e+56
