0.166667 0.666667 2.317047099273749e+85
0.3333333333333333 0.6666666666666666 3.8166117504887e+85
0.5 0.6666666666666666 3.710342175949248e+85
0.6666666666666666 0.6666666666666666 6.857408450848873e+84
0.8333333333333333 0.6666666666666666 -5.247886925633032e+84
0.1666666666666667 0.8333333333333333 -9.804147496608584e+84
0.3333333333333333 0.8333333333333333 2.55359873932195e+84
0.5 0.8333333333333333 1.517190424430111e+85
0.6666666666666666 0.8333333333333333 1.405269426343717e+85
0.8333333333333333 0.8333333333333333 8.9964793678576e+84
