0.166667 0.166667 6.870025391663498e+59
0.3333333333333333 0.1666666666666667 5.373340289602095e+59
0.5 0.1666666666666667 3.331944257901706e+59
0.6666666666666666 0.1666666666666667 3.10480813301541e+58
0.8333333333333333 0.1666666666666667 -2.42149507316094e+58
0.1666666666666667 0.3333333333333333 3.187091148930957e+59
0.3333333333333333 0.3333333333333333 -1.170909238152376e+60
0.5 0.3333333333333333 -1.295629529782604e+60
0.6666666666666666 0.3333333333333333 -8.730340535378567e+59
0.8333333333333333 0.3333333333333333 -4.464505034880168e+59
0.1666666666666667 0.5 -9.836070364562761e+59
0.3333333333333333 0.5 -2.638040649240581e+60
0.5 0.5 -1.069523799569567e+60
0.6666666666666666 0.5 6.514451585803448e+59
0.8333333333333333 0.5 1.279237548246837e+59
