0.166667 0.666667 7.381289678662536e+110
0.3333333333333333 0.6666666666666666 8.14624589667637e+110
0.5 0.6666666666666666 6.910611523690374e+110
0.6666666666666666 0.6666666666666666 3.387019703249334e+109
0.8333333333333333 0.6666666666666666 -8.975256468896512e+109
0.1666666666666667 0.8333333333333333 -1.477808920472019e+110
0.3333333333333333 0.8333333333333333 1.899536215725032e+110
0.5 0.8333333333333333 4.047666115818722e+110
0.6666666666666666 0.8333333333333333 2.787966593209222e+110
0.8333333333333333 0.8333333333333333 1.841081050993038e+110
