0.166667 0.666667 -7.869544367757983e+119
0.3333333333333333 0.6666666666666666 -1.052347521975177e+120
0.5 0.6666666666666666 -9.7509480940606e+119
0.6666666666666666 0.6666666666666666 8.714228820830538e+118
0.8333333333333333 0.6666666666666666 4.651714337068872e+119
0.1666666666666667 0.8333333333333333 1.744908449520955e+119
0.3333333333333333 0.8333333333333333 -2.185788972003043e+119
0.5 0.8333333333333333 -6.584401968173458e+119
0.6666666666666666 0.8333333333333333 -6.033452797963481e+119
0.8333333333333333 0.8333333333333333 -3.066893060460146e+119
