0.166667 0.166667 -9.804163468576573e+43
0.3333333333333333 0.1666666666666667 6.081679525375923e+43
0.5 0.1666666666666667 1.816972630895665e+44
0.6666666666666666 0.1666666666666667 1.535866395882256e+44
0.8333333333333333 0.1666666666666667 8.398893864072827e+43
0.1666666666666667 0.3333333333333333 2.64462283511324e+44
0.3333333333333333 0.3333333333333333 4.046686966327692e+44
0.5 0.3333333333333333 3.076706455747221e+44
0.6666666666666666 0.3333333333333333 -9.487507535186727e+41
0.8333333333333333 0.3333333333333333 -1.066228459389014e+44
0.1666666666666667 0.5 2.182067334033142e+44
0.3333333333333333 0.5 -8.905352884609329e+44
0.5 0.5 -1.226933160049527e+45
0.6666666666666666 0.5 -1.258852525964822e+45
0.8333333333333333 0.5 -7.355687322131485e+44
