0.166667 0.166667 -701341719747.5211
0.3333333333333333 0.1666666666666667 328770598061.8311
0.5 0.1666666666666667 1050711997925.407
0.6666666666666666 0.1666666666666667 913718370430.6725
0.8333333333333333 0.1666666666666667 508221565558.2098
0.1666666666666667 0.3333333333333333 1639417597048.868
0.3333333333333333 0.3333333333333333 2653647348032.3
0.5 0.3333333333333333 1980402459226.102
0.6666666666666666 0.3333333333333333 142350041488.6448
0.8333333333333333 0.3333333333333333 -600425586187.9855
0.1666666666666667 0.5 1480564511236.977
0.3333333333333333 0.5 -5467764980093.089
0.5 0.5 -7627359149689.649
0.6666666666666666 0.5 -7820411182691.956
0.8333333333333333 0.5 -4796924116665.71
