0.166667 0.666667 -4.204110669629388e+27
0.3333333333333333 0.6666666666666666 2.95086918696844e+28
0.5 0.6666666666666666 3.429507416557841e+28
0.6666666666666666 0.6666666666666666 1.851503610986601e+28
0.8333333333333333 0.6666666666666666 7.785765821837204e+27
0.1666666666666667 0.8333333333333333 -1.516660473360429e+28
0.3333333333333333 0.8333333333333333 -1.105449087855908e+28
0.5 0.8333333333333333 -3.20862157373061e+27
0.6666666666666666 0.8333333333333333 2.826364874608814e+27
0.8333333333333333 0.8333333333333333 2.00329380500056e+27
