0.166667 0.166667 -9.804147496608574e+84
0.3333333333333333 0.1666666666666667 2.553598739321948e+84
0.5 0.1666666666666667 1.51719042443011e+85
0.6666666666666666 0.1666666666666667 1.405269426343714e+85
0.8333333333333333 0.1666666666666667 8.996479367857598e+84
0.1666666666666667 0.3333333333333333 2.31704709927375e+85
0.3333333333333333 0.3333333333333333 3.816611750488702e+85
0.5 0.3333333333333333 3.710342175949248e+85
0.6666666666666666 0.3333333333333333 6.857408450848873e+84
0.8333333333333333 0.3333333333333333 -5.247886925633032e+84
0.1666666666666667 0.5 2.098523672427761e+85
0.3333333333333333 0.5 -7.076453904189983e+85
0.5 0.5 -1.023903406162941e+86
0.6666666666666666 0.5 -1.225130261654555e+86
0.8333333333333333 0.5 -7.685632754459189e+85
