0.166667 0.666667 1.962768905634933e+129
0.3333333333333333 0.6666666666666666 4.235375506143482e+129
0.5 0.6666666666666666 5.053863951808652e+129
0.6666666666666666 0.6666666666666666 2.446098173856168e+129
0.8333333333333333 0.6666666666666666 8.725188688485966e+128
0.1666666666666667 0.8333333333333333 -1.458456695290918e+129
0.3333333333333333 0.8333333333333333 -4.675990029937365e+128
0.5 0.8333333333333333 6.108406627769187e+128
0.6666666666666666 0.8333333333333333 8.778706729937909e+128
0.8333333333333333 0.8333333333333333 8.790953469228823e+128
