0.166667 0.666667 4.83895201373513e+69
0.3333333333333333 0.6666666666666666 5.350298929188843e+69
0.5 0.6666666666666666 5.342424791126607e+69
0.6666666666666666 0.6666666666666666 4.282051751978461e+67
0.8333333333333333 0.6666666666666666 -1.911442633274125e+69
0.1666666666666667 0.8333333333333333 -8.295135136891934e+68
0.3333333333333333 0.8333333333333333 1.161939820451144e+69
0.5 0.8333333333333333 3.367987353705658e+69
0.6666666666666666 0.8333333333333333 2.844640120162639e+69
0.8333333333333333 0.8333333333333333 1.645049129327585e+69
