0.166667 0.166667 -4.789536061529226e+113
0.3333333333333333 0.1666666666666667 -5.401243545614866e+112
0.5 0.1666666666666667 4.145098661160711e+113
0.6666666666666666 0.1666666666666667 4.61773828330321e+113
0.8333333333333333 0.1666666666666667 2.395789755979794e+113
0.1666666666666667 0.3333333333333333 4.701292983578148e+113
0.3333333333333333 0.3333333333333333 1.47735403963471e+114
0.5 0.3333333333333333 1.392713615722093e+114
0.6666666666666666 0.3333333333333333 3.53192444194575e+113
0.8333333333333333 0.3333333333333333 -3.614283619117359e+112
0.1666666666666667 0.5 9.115960919097291e+113
0.3333333333333333 0.5 -6.934059277652489e+113
0.5 0.5 -2.394616372462339e+114
0.6666666666666666 0.5 -3.260142364897274e+114
0.8333333333333333 0.5 -1.464577576833687e+114
