0.166667 0.666667 -7.541817746584393e+122
0.3333333333333333 0.6666666666666666 -1.749090542367667e+123
0.5 0.6666666666666666 -1.245532012490924e+123
0.6666666666666666 0.6666666666666666 7.022846183927988e+121
0.8333333333333333 0.6666666666666666 2.123908114871659e+122
0.1666666666666667 0.8333333333333333 4.955770842052207e+122
0.3333333333333333 0.8333333333333333 -1.517525275839285e+122
0.5 0.8333333333333333 -6.49451739358603e+122
0.6666666666666666 0.8333333333333333 -5.083079755042042e+122
0.8333333333333333 0.8333333333333333 -2.184718884350266e+122
