0.166667 0.166667 -2.762970105922913e+141
0.3333333333333333 0.1666666666666667 3.449049699790146e+141
0.5 0.1666666666666667 8.31230103913503e+141
0.6666666666666666 0.1666666666666667 6.23017510785559e+141
0.8333333333333333 0.1666666666666667 3.726292580979979e+141
0.1666666666666667 0.3333333333333333 1.283903908933165e+142
0.3333333333333333 0.3333333333333333 1.522627439915925e+142
0.5 0.3333333333333333 1.259522611654732e+142
0.6666666666666666 0.3333333333333333 -4.589986076213153e+140
0.8333333333333333 0.3333333333333333 -3.630066611421639e+141
0.1666666666666667 0.5 7.618821625807825e+141
0.3333333333333333 0.5 -4.564005391560905e+142
0.5 0.5 -5.379397879447296e+142
0.6666666666666666 0.5 -5.425110303509071e+142
0.8333333333333333 0.5 -3.277441921303388e+142
