0.166667 0.166667 -8.470134279222314e+62
0.3333333333333333 0.1666666666666667 -4.667629292738965e+62
0.5 0.1666666666666667 -5.323981187194059e+61
0.6666666666666666 0.1666666666666667 2.226825368235832e+62
0.8333333333333333 0.1666666666666667 3.418456277722232e+62
0.1666666666666667 0.3333333333333333 6.12438682589829e+62
0.3333333333333333 0.3333333333333333 2.019132750558536e+63
0.5 0.3333333333333333 2.519312705491146e+63
0.6666666666666666 0.3333333333333333 1.551915819526744e+63
0.8333333333333333 0.3333333333333333 7.10229513264953e+62
0.1666666666666667 0.5 1.412472951810451e+63
0.3333333333333333 0.5 -6.904210442307712e+62
0.5 0.5 -1.775658358910444e+63
0.6666666666666666 0.5 -4.522115110415767e+63
0.8333333333333333 0.5 -3.714162248736848e+63
