0.166667 0.666667 -2.028309834922212e+31
0.3333333333333333 0.6666666666666666 -4.437002396099354e+31
0.5 0.6666666666666666 -4.831257850354097e+31
0.6666666666666666 0.6666666666666666 -2.443596037608544e+31
0.8333333333333333 0.6666666666666666 -9.322990481479335e+30
0.1666666666666667 0.8333333333333333 1.56508735770021e+31
0.3333333333333333 0.8333333333333333 3.985637107581646e+30
0.5 0.8333333333333333 -5.070975801878967e+30
0.6666666666666666 0.8333333333333333 -7.645581995226952e+30
0.8333333333333333 0.8333333333333333 -7.880467745961428e+30
