0.166667 0.166667 -3.126065227227807e+135
0.3333333333333333 0.1666666666666667 -4.082623367014471e+135
0.5 0.1666666666666667 -4.469365284384145e+135
0.6666666666666666 0.1666666666666667 -1.873693262728662e+135
0.8333333333333333 0.1666666666666667 -2.846802752968426e+134
0.1666666666666667 0.3333333333333333 -3.904214142180109e+135
0.3333333333333333 0.3333333333333333 2.43640022634991e+135
0.5 0.3333333333333333 4.744913077759098e+135
0.6666666666666666 0.3333333333333333 6.903263919241128e+135
0.8333333333333333 0.3333333333333333 3.685001646527161e+135
0.1666666666666667 0.5 3.166007710790735e+135
0.3333333333333333 0.5 1.982114850181616e+136
0.5 0.5 1.539740694421418e+136
0.6666666666666666 0.5 3.937481849123121e+135
0.8333333333333333 0.5 -3.524097558163144e+135
