0.166667 0.666667 3.187091148930956e+59
0.3333333333333333 0.6666666666666666 -1.170909238152376e+60
0.5 0.6666666666666666 -1.295629529782604e+60
0.6666666666666666 0.6666666666666666 -8.730340535378565e+59
0.8333333333333333 0.6666666666666666 -4.464505034880168e+59
0.1666666666666667 0.8333333333333333 6.870025391663498e+59
0.3333333333333333 0.8333333333333333 5.373340289602095e+59
0.5 0.8333333333333333 3.331944257901706e+59
0.6666666666666666 0.8333333333333333 3.104808133015413e+58
0.8333333333333333 0.8333333333333333 -2.421495073160941e+58
