0.166667 0.166667 -8.295135136891928e+68
0.3333333333333333 0.1666666666666667 1.161939820451144e+69
0.5 0.1666666666666667 3.367987353705659e+69
0.6666666666666666 0.1666666666666667 2.844640120162635e+69
0.8333333333333333 0.1666666666666667 1.645049129327585e+69
0.1666666666666667 0.3333333333333333 4.838952013735129e+69
0.3333333333333333 0.3333333333333333 5.350298929188842e+69
0.5 0.3333333333333333 5.342424791126607e+69
0.6666666666666666 0.3333333333333333 4.282051751978004e+67
0.8333333333333333 0.3333333333333333 -1.911442633274131e+69
0.1666666666666667 0.5 2.43250305126642e+69
0.3333333333333333 0.5 -1.734849565763254e+70
0.5 0.5 -2.100302785234138e+70
0.6666666666666666 0.5 -2.330087543903304e+70
0.8333333333333333 0.5 -1.488554818958708e+70
