0.166667 0.666667 -6.864680577768179e+37
0.3333333333333333 0.6666666666666666 1.455442939072327e+38
0.5 0.6666666666666666 1.311768740666398e+38
0.6666666666666666 0.6666666666666666 1.430042160366676e+38
0.8333333333333333 0.6666666666666666 1.181864753470088e+38
0.1666666666666667 0.8333333333333333 -1.039917756328201e+38
0.3333333333333333 0.8333333333333333 -8.376693223148152e+37
0.5 0.8333333333333333 -9.472781290158318e+37
0.6666666666666666 0.8333333333333333 -5.639461415347745e+37
0.8333333333333333 0.8333333333333333 -1.616205392375601e+37
