0.166667 0.666667 3.923292270005185e+34
0.3333333333333333 0.6666666666666666 1.168236566044601e+35
0.5 0.6666666666666666 9.014697948219997e+34
0.6666666666666666 0.6666666666666666 -6.12932328670115e+33
0.8333333333333333 0.6666666666666666 -7.942216914165795e+33
0.1666666666666667 0.8333333333333333 -5.259155075072068e+34
0.3333333333333333 0.8333333333333333 -1.646852219325256e+34
0.5 0.8333333333333333 1.604527260002202e+34
0.6666666666666666 0.8333333333333333 3.796650885445393e+33
0.8333333333333333 0.8333333333333333 -2.221422476017991e+33
