0.166667 0.666667 1.268691470312847e+21
0.3333333333333333 0.6666666666666666 -7.759117491969656e+21
0.5 0.6666666666666666 -1.201347583133607e+22
0.6666666666666666 0.6666666666666666 -9.756324443405515e+21
0.8333333333333333 0.6666666666666666 -4.708616242451403e+21
0.1666666666666667 0.8333333333333333 4.30412730082509e+21
0.3333333333333333 0.8333333333333333 3.973469153940698e+21
0.5 0.8333333333333333 1.779393421942677e+21
0.6666666666666666 0.8333333333333333 -1.048178039048649e+21
0.8333333333333333 0.8333333333333333 -1.695922314835057e+21
