0.166667 0.666667 -5.811040174465606e+80
0.3333333333333333 0.6666666666666666 -2.934916705253008e+82
0.5 0.6666666666666666 -3.800178406193469e+82
0.6666666666666666 0.6666666666666666 -2.711127123958782e+82
0.8333333333333333 0.6666666666666666 -1.208541318689406e+82
0.1666666666666667 0.8333333333333333 1.451475211428761e+82
0.3333333333333333 0.8333333333333333 1.039913497581797e+82
0.5 0.8333333333333333 3.124524912242962e+81
0.6666666666666666 0.8333333333333333 -4.379252544359438e+81
0.8333333333333333 0.8333333333333333 -5.601415035573094e+81
