0.166667 0.666667 -3.90421414218011e+135
0.3333333333333333 0.6666666666666666 2.436400226349909e+135
0.5 0.6666666666666666 4.744913077759098e+135
0.6666666666666666 0.6666666666666666 6.903263919241131e+135
0.8333333333333333 0.6666666666666666 3.685001646527161e+135
0.1666666666666667 0.8333333333333333 -3.126065227227808e+135
0.3333333333333333 0.8333333333333333 -4.082623367014475e+135
0.5 0.8333333333333333 -4.469365284384145e+135
0.6666666666666666 0.8333333333333333 -1.873693262728662e+135
0.8333333333333333 0.8333333333333333 -2.846802752968429e+134
