0.166667 0.166667 -4.848192461394496e+144
0.3333333333333333 0.1666666666666667 3.81796782405567e+144
0.5 0.1666666666666667 1.048162475340184e+145
0.6666666666666666 0.1666666666666667 7.776733914249151e+144
0.8333333333333333 0.1666666666666667 3.252088377803608e+144
0.1666666666666667 0.3333333333333333 1.180154892531361e+145
0.3333333333333333 0.3333333333333333 2.161497437172681e+145
0.5 0.3333333333333333 1.500133746475868e+145
0.6666666666666666 0.3333333333333333 -2.720345729031484e+144
0.8333333333333333 0.3333333333333333 -3.783054109712754e+144
0.1666666666666667 0.5 1.209155303955369e+145
0.3333333333333333 0.5 -3.351888740784472e+145
0.5 0.5 -5.402953550034672e+145
0.6666666666666666 0.5 -5.034751440556784e+145
0.8333333333333333 0.5 -1.529585825129726e+145
