0.166667 0.666667 1.180154892531361e+145
0.3333333333333333 0.6666666666666666 2.161497437172681e+145
0.5 0.6666666666666666 1.500133746475868e+145
0.6666666666666666 0.6666666666666666 -2.720345729031484e+144
0.8333333333333333 0.6666666666666666 -3.783054109712754e+144
0.1666666666666667 0.8333333333333333 -4.84819246139449e+144
0.3333333333333333 0.8333333333333333 3.817967824055672e+144
0.5 0.8333333333333333 1.048162475340184e+145
0.6666666666666666 0.8333333333333333 7.776733914249152e+144
0.8333333333333333 0.8333333333333333 3.252088377803611e+144
