0.166667 0.166667 -622754.450707077
0.3333333333333333 0.1666666666666667 -743841.0119928466
0.5 0.1666666666666667 -682445.8021089956
0.6666666666666666 0.1666666666666667 -550969.594216006
0.8333333333333333 0.1666666666666667 -237671.4726209374
0.1666666666666667 0.3333333333333333 -1154841.735104496
0.3333333333333333 0.3333333333333333 442252.443852299
0.5 0.3333333333333333 259235.8036552265
0.6666666666666666 0.3333333333333333 383408.8309088259
0.8333333333333333 0.3333333333333333 535850.8768360404
0.1666666666666667 0.5 544172.7326573156
0.3333333333333333 0.5 5259118.773529985
0.5 0.5 2416907.084557937
0.6666666666666666 0.5 2141131.046141141
0.8333333333333333 0.5 1393812.898477551
