0.166667 0.166667 4.30412730082509e+21
0.3333333333333333 0.1666666666666667 3.973469153940698e+21
0.5 0.1666666666666667 1.779393421942677e+21
0.6666666666666666 0.1666666666666667 -1.048178039048649e+21
0.8333333333333333 0.1666666666666667 -1.695922314835057e+21
0.1666666666666667 0.3333333333333333 1.268691470312848e+21
0.3333333333333333 0.3333333333333333 -7.759117491969656e+21
0.5 0.3333333333333333 -1.201347583133607e+22
0.6666666666666666 0.3333333333333333 -9.756324443405515e+21
0.8333333333333333 0.3333333333333333 -4.708616242451405e+21
0.1666666666666667 0.5 -5.921830495865719e+21
0.3333333333333333 0.5 -1.432277484591984e+22
0.5 0.5 -5.126984165002458e+21
0.6666666666666666 0.5 1.080911390966299e+22
0.8333333333333333 0.5 1.036208897875557e+22
