0.166667 0.666667 1.283903908933165e+142
0.3333333333333333 0.6666666666666666 1.522627439915925e+142
0.5 0.6666666666666666 1.259522611654732e+142
0.6666666666666666 0.6666666666666666 -4.589986076213207e+140
0.8333333333333333 0.6666666666666666 -3.630066611421641e+141
0.1666666666666667 0.8333333333333333 -2.762970105922924e+141
0.3333333333333333 0.8333333333333333 3.449049699790144e+141
0.5 0.8333333333333333 8.312301039135034e+141
0.6666666666666666 0.8333333333333333 6.23017510785559e+141
0.8333333333333333 0.8333333333333333 3.726292580979978e+141
