0.166667 0.166667 -1.813041577653449e+50
0.3333333333333333 0.1666666666666667 -3.387204564694337e+50
0.5 0.1666666666666667 -3.813697204243529e+50
0.6666666666666666 0.1666666666666667 -1.546123632641531e+50
0.8333333333333333 0.1666666666666667 -6.041962822407214e+49
0.1666666666666667 0.3333333333333333 -6.296322228845955e+50
0.3333333333333333 0.3333333333333333 -1.814642318601814e+49
0.5 0.3333333333333333 1.181718385800645e+50
0.6666666666666666 0.3333333333333333 4.170226892710807e+50
0.8333333333333333 0.3333333333333333 2.453727737988377e+50
0.1666666666666667 0.5 1.325782124994156e+50
0.3333333333333333 0.5 2.960928331951899e+51
0.5 0.5 2.256133735783358e+51
0.6666666666666666 0.5 1.598599709509523e+51
0.8333333333333333 0.5 8.939707826950815e+50
