0.166667 0.666667 -1154841.735104496
0.3333333333333333 0.6666666666666666 442252.4438522988
0.5 0.6666666666666666 259235.803655226
0.6666666666666666 0.6666666666666666 383408.8309088257
0.8333333333333333 0.6666666666666666 535850.8768360398
0.1666666666666667 0.8333333333333333 -622754.4507070772
0.3333333333333333 0.8333333333333333 -743841.0119928467
0.5 0.8333333333333333 -682445.8021089958
0.6666666666666666 0.8333333333333333 -550969.5942160065
0.8333333333333333 0.8333333333333333 -237671.4726209376
