0.166667 0.666667 -5.328173299815981e+132
0.3333333333333333 0.6666666666666666 -4.329345210728947e+132
0.5 0.6666666666666666 2.226104334801658e+131
0.6666666666666666 0.6666666666666666 4.27840807090312e+132
0.8333333333333333 0.6666666666666666 2.146110699658103e+132
0.1666666666666667 0.8333333333333333 7.234091912995138e+131
0.3333333333333333 0.8333333333333333 -2.294761131969698e+132
0.5 0.8333333333333333 -3.098855163435197e+132
0.6666666666666666 0.8333333333333333 -7.002447521774381e+131
0.8333333333333333 0.8333333333333333 1.449011341818716e+131
