0.166667 0.666667 2.64462283511324e+44
0.3333333333333333 0.6666666666666666 4.046686966327693e+44
0.5 0.6666666666666666 3.076706455747221e+44
0.6666666666666666 0.6666666666666666 -9.487507535187123e+41
0.8333333333333333 0.6666666666666666 -1.066228459389015e+44
0.1666666666666667 0.8333333333333333 -9.804163468576573e+43
0.3333333333333333 0.8333333333333333 6.081679525375921e+43
0.5 0.8333333333333333 1.816972630895664e+44
0.6666666666666666 0.8333333333333333 1.535866395882255e+44
0.8333333333333333 0.8333333333333333 8.398893864072816e+43
