0.166667 0.166667 -1.477808920472019e+110
0.3333333333333333 0.1666666666666667 1.899536215725032e+110
0.5 0.1666666666666667 4.04766611581872e+110
0.6666666666666666 0.1666666666666667 2.787966593209221e+110
0.8333333333333333 0.1666666666666667 1.841081050993037e+110
0.1666666666666667 0.3333333333333333 7.381289678662537e+110
0.3333333333333333 0.3333333333333333 8.146245896676374e+110
0.5 0.3333333333333333 6.910611523690373e+110
0.6666666666666666 0.3333333333333333 3.387019703249324e+109
0.8333333333333333 0.3333333333333333 -8.975256468896492e+109
0.1666666666666667 0.5 4.28228933604302e+110
0.3333333333333333 0.5 -2.63276933596528e+111
0.5 0.5 -2.751299662845577e+111
0.6666666666666666 0.5 -2.775362795662724e+111
0.8333333333333333 0.5 -1.698211306232706e+111
