0.166667 0.666667 4.495598106201805e+75
0.3333333333333333 0.6666666666666666 1.195052054492781e+76
0.5 0.6666666666666666 1.055353817132164e+76
0.6666666666666666 0.6666666666666666 2.591247357854718e+75
0.8333333333333333 0.6666666666666666 1.882329312240374e+73
0.1666666666666667 0.8333333333333333 -4.073653657701656e+75
0.3333333333333333 0.8333333333333333 -2.766982925098873e+74
0.5 0.8333333333333333 2.63595889710149e+75
0.6666666666666666 0.8333333333333333 2.944037376566623e+75
0.8333333333333333 0.8333333333333333 1.562848333454209e+75
