0.166667 0.666667 4.555028374837974e+72
0.3333333333333333 0.6666666666666666 6.691826126170344e+72
0.5 0.6666666666666666 3.218648655820995e+72
0.6666666666666666 0.6666666666666666 -2.397236239145123e+72
0.8333333333333333 0.6666666666666666 -1.853302770277484e+72
0.1666666666666667 0.8333333333333333 -1.098487439349496e+72
0.3333333333333333 0.8333333333333333 2.143294069315497e+72
0.5 0.8333333333333333 4.033008353599263e+72
0.6666666666666666 0.8333333333333333 2.528987687699814e+72
0.8333333333333333 0.8333333333333333 9.477568364895697e+71
