0.166667 0.666667 1.594593984262587e+88
0.3333333333333333 0.6666666666666666 8.944153540719772e+88
0.5 0.6666666666666666 8.481516984482146e+88
0.6666666666666666 0.6666666666666666 2.659156135174129e+88
0.8333333333333333 0.6666666666666666 6.68160854455297e+87
0.1666666666666667 0.8333333333333333 -3.472442046440424e+88
0.3333333333333333 0.8333333333333333 -1.167961231468632e+88
0.5 0.8333333333333333 1.365146562169411e+88
0.6666666666666666 0.8333333333333333 1.839147447646557e+88
0.8333333333333333 0.8333333333333333 9.229760018386844e+87
