0.166667 0.166667 1.744908449520956e+119
0.3333333333333333 0.1666666666666667 -2.185788972003042e+119
0.5 0.1666666666666667 -6.584401968173462e+119
0.6666666666666666 0.1666666666666667 -6.033452797963482e+119
0.8333333333333333 0.1666666666666667 -3.066893060460146e+119
0.1666666666666667 0.3333333333333333 -7.869544367757983e+119
0.3333333333333333 0.3333333333333333 -1.052347521975177e+120
0.5 0.3333333333333333 -9.750948094060603e+119
0.6666666666666666 0.3333333333333333 8.714228820830513e+118
0.8333333333333333 0.3333333333333333 4.651714337068872e+119
0.1666666666666667 0.5 -4.996579743709342e+119
0.3333333333333333 0.5 2.597032085678237e+120
0.5 0.5 3.563219467911111e+120
0.6666666666666666 0.5 4.062160765609696e+120
0.8333333333333333 0.5 2.184841355692951e+120
