0.166667 0.666667 -1.167972572680251e+117
0.3333333333333333 0.6666666666666666 2.095527485577129e+116
0.5 0.6666666666666666 6.235889862718674e+116
0.6666666666666666 0.6666666666666666 1.035287699210093e+117
0.8333333333333333 0.6666666666666666 5.667913776132451e+116
0.1666666666666667 0.8333333333333333 -4.797831502290637e+116
0.3333333333333333 0.8333333333333333 -7.647666691481617e+116
0.5 0.8333333333333333 -7.928029916103966e+116
0.6666666666666666 0.8333333333333333 -2.828434181089474e+116
0.8333333333333333 0.8333333333333333 -1.053890289908888e+116
