0.166667 0.166667 1.451475211428761e+82
0.3333333333333333 0.1666666666666667 1.039913497581798e+82
0.5 0.1666666666666667 3.124524912242962e+81
0.6666666666666666 0.1666666666666667 -4.379252544359433e+81
0.8333333333333333 0.1666666666666667 -5.601415035573094e+81
0.1666666666666667 0.3333333333333333 -5.811040174465688e+80
0.3333333333333333 0.3333333333333333 -2.934916705253007e+82
0.5 0.3333333333333333 -3.800178406193469e+82
0.6666666666666666 0.3333333333333333 -2.711127123958782e+82
0.8333333333333333 0.3333333333333333 -1.208541318689406e+82
0.1666666666666667 0.5 -2.144590923864772e+82
0.3333333333333333 0.5 -2.660162588173525e+82
0.5 0.5 3.315131166556707e+81
0.6666666666666666 0.5 4.766535859725171e+82
0.8333333333333333 0.5 3.76791311365641e+82
