0.166667 0.166667 -4.073653657701655e+75
0.3333333333333333 0.1666666666666667 -2.766982925098899e+74
0.5 0.1666666666666667 2.635958897101492e+75
0.6666666666666666 0.1666666666666667 2.944037376566623e+75
0.8333333333333333 0.1666666666666667 1.562848333454207e+75
0.1666666666666667 0.3333333333333333 4.495598106201803e+75
0.3333333333333333 0.3333333333333333 1.19505205449278e+76
0.5 0.3333333333333333 1.055353817132164e+76
0.6666666666666666 0.3333333333333333 2.591247357854719e+75
0.8333333333333333 0.3333333333333333 1.882329312240269e+73
0.1666666666666667 0.5 7.726182495530731e+75
0.3333333333333333 0.5 -9.432818174195581e+75
0.5 0.5 -1.863951320713834e+76
0.6666666666666666 0.5 -2.55627147121958e+76
0.8333333333333333 0.5 -1.079341279988653e+76
