0.166667 0.166667 -4.270530711938472e+24
0.3333333333333333 0.1666666666666667 -2.939322495694078e+23
0.5 0.1666666666666667 3.794936223619426e+24
0.6666666666666666 0.1666666666666667 4.162865044691038e+24
0.8333333333333333 0.1666666666666667 2.799681564268241e+24
0.1666666666666667 0.3333333333333333 6.438699782904444e+24
0.3333333333333333 0.3333333333333333 1.36657699083639e+25
0.5 0.3333333333333333 1.367833833380401e+25
0.6666666666666666 0.3333333333333333 4.06565679851406e+24
0.8333333333333333 0.3333333333333333 -6.723640756710868e+23
0.1666666666666667 0.5 8.138196484754052e+24
0.3333333333333333 0.5 -1.681558312908489e+25
0.5 0.5 -2.890995417036802e+25
0.6666666666666666 0.5 -3.867125193118485e+25
0.8333333333333333 0.5 -2.461359112448385e+25
