0.166667 0.166667 -3.472442046440422e+88
0.3333333333333333 0.1666666666666667 -1.16796123146863e+88
0.5 0.1666666666666667 1.365146562169411e+88
0.6666666666666666 0.1666666666666667 1.839147447646557e+88
0.8333333333333333 0.1666666666666667 9.229760018386842e+87
0.1666666666666667 0.3333333333333333 1.594593984262588e+88
0.3333333333333333 0.3333333333333333 8.944153540719772e+88
0.5 0.3333333333333333 8.481516984482145e+88
0.6666666666666666 0.3333333333333333 2.659156135174128e+88
0.8333333333333333 0.3333333333333333 6.681608544552972e+87
0.1666666666666667 0.5 6.004366572160295e+88
0.3333333333333333 0.5 1.387346827473035e+88
0.5 0.5 -9.53735524218659e+88
0.6666666666666666 0.5 -1.57120996162277e+89
0.8333333333333333 0.5 -5.689883900586913e+88
