0.166667 0.666667 -7.2049479822553e+91
0.3333333333333333 0.6666666666666666 -7.396384966008729e+91
0.5 0.6666666666666666 -6.939279553704191e+91
0.6666666666666666 0.6666666666666666 -9.870067119930933e+90
0.8333333333333333 0.6666666666666666 2.151235293053044e+90
0.1666666666666667 0.8333333333333333 1.305185829407803e+91
0.3333333333333333 0.8333333333333333 -1.674546681531954e+91
0.5 0.8333333333333333 -3.498571892272641e+91
0.6666666666666666 0.8333333333333333 -2.376046590194874e+91
0.8333333333333333 0.8333333333333333 -1.725218694557859e+91
