0.166667 0.166667 -2.475027420422951e+47
0.3333333333333333 0.1666666666666667 -7.099060068682138e+45
0.5 0.1666666666666667 2.208248450851493e+47
0.6666666666666666 0.1666666666666667 2.041172208827967e+47
0.8333333333333333 0.1666666666666667 9.513208826733571e+46
0.1666666666666667 0.3333333333333333 2.656515240742699e+47
0.3333333333333333 0.3333333333333333 7.704592661408301e+47
0.5 0.3333333333333333 6.732895522326985e+47
0.6666666666666666 0.3333333333333333 1.025714080165982e+47
0.8333333333333333 0.3333333333333333 -6.152791520808794e+45
0.1666666666666667 0.5 4.822806675228636e+47
0.3333333333333333 0.5 -4.679319881120537e+47
0.5 0.5 -1.275951383072351e+48
0.6666666666666666 0.5 -1.588485314915185e+48
0.8333333333333333 0.5 -5.310292523243008e+47
