0.166667 0.166667 4.955770842052209e+122
0.3333333333333333 0.1666666666666667 -1.517525275839279e+122
0.5 0.1666666666666667 -6.49451739358603e+122
0.6666666666666666 0.1666666666666667 -5.08307975504204e+122
0.8333333333333333 0.1666666666666667 -2.184718884350262e+122
0.1666666666666667 0.3333333333333333 -7.541817746584393e+122
0.3333333333333333 0.3333333333333333 -1.749090542367667e+123
0.5 0.3333333333333333 -1.245532012490923e+123
0.6666666666666666 0.3333333333333333 7.02284618392801e+121
0.8333333333333333 0.3333333333333333 2.123908114871663e+122
0.1666666666666667 0.5 -1.042389876788333e+123
0.3333333333333333 0.5 1.887050684314935e+123
0.5 0.5 3.737020277232323e+123
0.6666666666666666 0.5 3.723166808392707e+123
0.8333333333333333 0.5 1.199177941506324e+123
