0.166667 0.666667 -1470.945157087745
0.3333333333333333 0.6666666666666666 -1308.867475002306
0.5 0.6666666666666666 -180.7822360699828
0.6666666666666666 0.6666666666666666 964.3112442284784
0.8333333333333333 0.6666666666666666 -308.2629997909882
0.1666666666666667 0.8333333333333333 178.8256729200906
0.3333333333333333 0.8333333333333333 -701.4959011308052
0.5 0.8333333333333333 -659.1832838136778
0.6666666666666666 0.8333333333333333 82.28323267707141
0.8333333333333333 0.8333333333333333 167.7731200887987
