0.166667 0.166667 -1969312478663993
0.3333333333333333 0.1666666666666667 -431283182047440.9
0.5 0.1666666666666667 1234266652139918
0.6666666666666666 0.1666666666666667 1332275036360910
0.8333333333333333 0.1666666666666667 641398446362622.1
0.1666666666666667 0.3333333333333333 1494353982421994
0.3333333333333333 0.3333333333333333 5551199761094683
0.5 0.3333333333333333 5275912285374785
0.6666666666666666 0.3333333333333333 1240804089580332
0.8333333333333333 0.3333333333333333 246484091752309.7
0.1666666666666667 0.5 3598244298482384
0.3333333333333333 0.5 -1363402097222598
0.5 0.5 -7502202310489453
0.6666666666666666 0.5 -1.104251185496314e+16
0.8333333333333333 0.5 -3714278174203288
