0.166667 0.166667 1.719912638735848e+126
0.3333333333333333 0.1666666666666667 1.065931344217146e+126
0.5 0.1666666666666667 5.367873403761707e+125
0.6666666666666666 0.1666666666666667 -1.268036437180123e+125
0.8333333333333333 0.1666666666666667 -1.893368739844488e+125
0.1666666666666667 0.3333333333333333 2.377866731915009e+125
0.3333333333333333 0.3333333333333333 -3.303529359926299e+126
0.5 0.3333333333333333 -3.322975400656832e+126
0.6666666666666666 0.3333333333333333 -2.02890006676398e+126
0.8333333333333333 0.3333333333333333 -9.263087588124739e+125
0.1666666666666667 0.5 -2.630993987142801e+126
0.3333333333333333 0.5 -4.27685284330513e+126
0.5 0.5 -8.564413647648136e+125
0.6666666666666666 0.5 2.971338132475891e+126
0.8333333333333333 0.5 1.075008232285367e+126
