0.166667 0.166667 -5.259155075072068e+34
0.3333333333333333 0.1666666666666667 -1.646852219325258e+34
0.5 0.1666666666666667 1.604527260002194e+34
0.6666666666666666 0.1666666666666667 3.796650885445381e+33
0.8333333333333333 0.1666666666666667 -2.221422476017993e+33
0.1666666666666667 0.3333333333333333 3.923292270005187e+34
0.3333333333333333 0.3333333333333333 1.1682365660446e+35
0.5 0.3333333333333333 9.014697948219986e+34
0.6666666666666666 0.3333333333333333 -6.129323286701192e+33
0.8333333333333333 0.3333333333333333 -7.942216914165809e+33
0.1666666666666667 0.5 7.830636348313871e+34
0.3333333333333333 0.5 -1.186259112302467e+35
0.5 0.5 -2.627149028846911e+35
0.6666666666666666 0.5 -2.824410206111018e+35
0.8333333333333333 0.5 -1.116676440233788e+35
