0.166667 0.666667 -1.172769894885777e+79
0.3333333333333333 0.6666666666666666 -1.202903779525464e+79
0.5 0.6666666666666666 -7.945679241740105e+78
0.6666666666666666 0.6666666666666666 2.815085258728363e+78
0.8333333333333333 0.6666666666666666 1.653664795900425e+78
0.1666666666666667 0.8333333333333333 3.039177368385375e+78
0.3333333333333333 0.8333333333333333 -2.605736893660975e+78
0.5 0.8333333333333333 -5.155725337982214e+78
0.6666666666666666 0.8333333333333333 -2.023955398411375e+78
0.8333333333333333 0.8333333333333333 -1.035314576427923e+78
