0.166667 0.666667 -2.600365806322226e+56
0.3333333333333333 0.6666666666666666 -7.560019867918896e+56
0.5 0.6666666666666666 -6.522280981241821e+56
0.6666666666666666 0.6666666666666666 -6.049520812425939e+55
0.8333333333333333 0.6666666666666666 1.210680613474489e+56
0.1666666666666667 0.8333333333333333 2.473723878907674e+56
0.3333333333333333 0.8333333333333333 1.319033076687021e+55
0.5 0.8333333333333333 -2.3442987072893e+56
0.6666666666666666 0.8333333333333333 -2.400828613698727e+56
0.8333333333333333 0.8333333333333333 -1.157457283861735e+56
