0.166667 0.166667 1.565087357700211e+31
0.3333333333333333 0.1666666666666667 3.98563710758165e+30
0.5 0.1666666666666667 -5.070975801878963e+30
0.6666666666666666 0.1666666666666667 -7.645581995226952e+30
0.8333333333333333 0.1666666666666667 -7.880467745961422e+30
0.1666666666666667 0.3333333333333333 -2.028309834922212e+31
0.3333333333333333 0.3333333333333333 -4.437002396099354e+31
0.5 0.3333333333333333 -4.831257850354097e+31
0.6666666666666666 0.3333333333333333 -2.443596037608544e+31
0.8333333333333333 0.3333333333333333 -9.322990481479332e+30
0.1666666666666667 0.5 -2.9175928904151e+31
0.3333333333333333 0.5 4.805708323544158e+31
0.5 0.5 6.668420259280345e+31
0.6666666666666666 0.5 1.069673805319275e+32
0.8333333333333333 0.5 7.912490995978144e+31
