0.166667 0.666667 -2.591331219474189e+40
0.3333333333333333 0.6666666666666666 -2.115274005436858e+41
0.5 0.6666666666666666 -3.696313665605789e+41
0.6666666666666666 0.6666666666666666 -2.572189377608043e+41
0.8333333333333333 0.6666666666666666 -1.006832227278987e+41
0.1666666666666667 0.8333333333333333 1.049463522011691e+41
0.3333333333333333 0.8333333333333333 1.019852798553875e+41
0.5 0.8333333333333333 3.590691808184328e+40
0.6666666666666666 0.8333333333333333 -3.215649723534963e+40
0.8333333333333333 0.8333333333333333 -5.224291229686456e+40
