0.166667 0.666667 -4.944903341034379e+18
0.3333333333333333 0.6666666666666666 -4.629953888369007e+18
0.5 0.6666666666666666 -3.806594715242388e+18
0.6666666666666666 0.6666666666666666 2.805288913520915e+16
0.8333333333333333 0.6666666666666666 2.887497035279715e+17
0.1666666666666667 0.8333333333333333 8.31864366365276e+17
0.3333333333333333 0.8333333333333333 -1.258819868851021e+18
0.5 0.8333333333333333 -2.236332801808216e+18
0.6666666666666666 0.8333333333333333 -1.276439050669961e+18
0.8333333333333333 0.8333333333333333 -8.673174354988399e+17
