0.166667 0.166667 -4.831583231271321e+97
0.3333333333333333 0.1666666666666667 1.580623212556523e+97
0.5 0.1666666666666667 6.747615588146759e+97
0.6666666666666666 0.1666666666666667 5.810864945483696e+97
0.8333333333333333 0.1666666666666667 3.893052259078064e+97
0.1666666666666667 0.3333333333333333 1.193619221948707e+98
0.3333333333333333 0.3333333333333333 1.859306186311246e+98
0.5 0.3333333333333333 1.712051532172733e+98
0.6666666666666666 0.3333333333333333 3.532456045678411e+97
0.8333333333333333 0.3333333333333333 -1.268216567750578e+97
0.1666666666666667 0.5 1.05902932662417e+98
0.3333333333333333 0.5 -3.754157790964157e+98
0.5 0.5 -4.843361337935145e+98
0.6666666666666666 0.5 -5.565239438162674e+98
0.8333333333333333 0.5 -3.475768404586891e+98
