0.166667 0.666667 2.377866731915005e+125
0.3333333333333333 0.6666666666666666 -3.303529359926299e+126
0.5 0.6666666666666666 -3.322975400656831e+126
0.6666666666666666 0.6666666666666666 -2.02890006676398e+126
0.8333333333333333 0.6666666666666666 -9.263087588124744e+125
0.1666666666666667 0.8333333333333333 1.719912638735847e+126
0.3333333333333333 0.8333333333333333 1.065931344217146e+126
0.5 0.8333333333333333 5.367873403761704e+125
0.6666666666666666 0.8333333333333333 -1.268036437180124e+125
0.8333333333333333 0.8333333333333333 -1.89336873984449e+125
