0.166667 0.166667 3.039177368385375e+78
0.3333333333333333 0.1666666666666667 -2.605736893660978e+78
0.5 0.1666666666666667 -5.155725337982214e+78
0.6666666666666666 0.1666666666666667 -2.023955398411376e+78
0.8333333333333333 0.1666666666666667 -1.035314576427926e+78
0.1666666666666667 0.3333333333333333 -1.172769894885778e+79
0.3333333333333333 0.3333333333333333 -1.202903779525465e+79
0.5 0.3333333333333333 -7.945679241740105e+78
0.6666666666666666 0.3333333333333333 2.815085258728362e+78
0.8333333333333333 0.3333333333333333 1.653664795900425e+78
0.1666666666666667 0.5 -6.799193282025342e+78
0.3333333333333333 0.5 4.669035068814956e+79
0.5 0.5 4.64281015679058e+79
0.6666666666666666 0.5 4.242395711775975e+79
0.8333333333333333 0.5 2.210211931999661e+79
