0.166667 0.666667 2.6565152407427e+47
0.3333333333333333 0.6666666666666666 7.704592661408304e+47
0.5 0.6666666666666666 6.732895522326983e+47
0.6666666666666666 0.6666666666666666 1.02571408016598e+47
0.8333333333333333 0.6666666666666666 -6.152791520808847e+45
0.1666666666666667 0.8333333333333333 -2.475027420422951e+47
0.3333333333333333 0.8333333333333333 -7.099060068682045e+45
0.5 0.8333333333333333 2.208248450851494e+47
0.6666666666666666 0.8333333333333333 2.041172208827967e+47
0.8333333333333333 0.8333333333333333 9.513208826733569e+46
