0.166667 0.666667 -3.392174261931089e+53
0.3333333333333333 0.6666666666666666 -2.408988568776925e+53
0.5 0.6666666666666666 -8.202291734926277e+52
0.6666666666666666 0.6666666666666666 3.125565433912088e+53
0.8333333333333333 0.6666666666666666 3.213725528946564e+53
0.1666666666666667 0.8333333333333333 -4.322478859570906e+52
0.3333333333333333 0.8333333333333333 -2.058885407393226e+53
0.5 0.8333333333333333 -3.527120027934651e+53
0.6666666666666666 0.8333333333333333 -2.528502324837643e+53
0.8333333333333333 0.8333333333333333 -9.19325609618769e+52
