0.166667 0.166667 1.305185829407803e+91
0.3333333333333333 0.1666666666666667 -1.674546681531954e+91
0.5 0.1666666666666667 -3.498571892272642e+91
0.6666666666666666 0.1666666666666667 -2.376046590194874e+91
0.8333333333333333 0.1666666666666667 -1.725218694557858e+91
0.1666666666666667 0.3333333333333333 -7.2049479822553e+91
0.3333333333333333 0.3333333333333333 -7.396384966008733e+91
0.5 0.3333333333333333 -6.939279553704193e+91
0.6666666666666666 0.3333333333333333 -9.870067119930963e+90
0.8333333333333333 0.3333333333333333 2.15123529305303e+90
0.1666666666666667 0.5 -3.956033373281946e+91
0.3333333333333333 0.5 2.574282140987713e+92
0.5 0.5 2.467201127286593e+92
0.6666666666666666 0.5 2.614149767839326e+92
0.8333333333333333 0.5 1.672729002964203e+92
