0.166667 0.166667 -4.797831502290637e+116
0.3333333333333333 0.1666666666666667 -7.647666691481617e+116
0.5 0.1666666666666667 -7.928029916103966e+116
0.6666666666666666 0.1666666666666667 -2.828434181089472e+116
0.8333333333333333 0.1666666666666667 -1.053890289908886e+116
0.1666666666666667 0.3333333333333333 -1.167972572680251e+117
0.3333333333333333 0.3333333333333333 2.095527485577129e+116
0.5 0.3333333333333333 6.235889862718674e+116
0.6666666666666666 0.3333333333333333 1.035287699210093e+117
0.8333333333333333 0.3333333333333333 5.66791377613245e+116
0.1666666666666667 0.5 4.560435966441442e+116
0.3333333333333333 0.5 5.792455540270371e+117
0.5 0.5 4.392129620462909e+117
0.6666666666666666 0.5 2.449354565451646e+117
0.8333333333333333 0.5 1.36500331147483e+117
