0.166667 0.166667 -4.322478859570912e+52
0.3333333333333333 0.1666666666666667 -2.058885407393227e+53
0.5 0.1666666666666667 -3.527120027934651e+53
0.6666666666666666 0.1666666666666667 -2.528502324837642e+53
0.8333333333333333 0.1666666666666667 -9.193256096187695e+52
0.1666666666666667 0.3333333333333333 -3.392174261931089e+53
0.3333333333333333 0.3333333333333333 -2.408988568776925e+53
0.5 0.3333333333333333 -8.202291734926277e+52
0.6666666666666666 0.3333333333333333 3.125565433912087e+53
0.8333333333333333 0.3333333333333333 3.21372552894656e+53
0.1666666666666667 0.5 -4.918822930321175e+52
0.3333333333333333 0.5 1.354613357937922e+54
0.5 0.5 1.612585466335182e+54
0.6666666666666666 0.5 1.308759074354516e+54
0.8333333333333333 0.5 4.483110335363713e+53
