0.166667 0.666667 4.701292983578148e+113
0.3333333333333333 0.6666666666666666 1.47735403963471e+114
0.5 0.6666666666666666 1.392713615722093e+114
0.6666666666666666 0.6666666666666666 3.53192444194575e+113
0.8333333333333333 0.6666666666666666 -3.614283619117359e+112
0.1666666666666667 0.8333333333333333 -4.789536061529226e+113
0.3333333333333333 0.8333333333333333 -5.401243545614866e+112
0.5 0.8333333333333333 4.145098661160711e+113
0.6666666666666666 0.8333333333333333 4.617738283303213e+113
0.8333333333333333 0.8333333333333333 2.395789755979794e+113
