0.166667 0.166667 5.959035682754728e+138
0.3333333333333333 0.1666666666666667 3.920094228179662e+138
0.5 0.1666666666666667 5.898968400392738e+136
0.6666666666666666 0.1666666666666667 -2.311878063133656e+138
0.8333333333333333 0.1666666666666667 -2.231088232041717e+138
0.1666666666666667 0.3333333333333333 -1.535560309666947e+138
0.3333333333333333 0.3333333333333333 -1.312395409711431e+139
0.5 0.3333333333333333 -1.627363378171638e+139
0.6666666666666666 0.3333333333333333 -8.738402818014828e+138
0.8333333333333333 0.3333333333333333 -2.517721903354172e+138
0.1666666666666667 0.5 -9.002402340984774e+138
0.3333333333333333 0.5 -5.64265291880556e+138
0.5 0.5 1.057480289722661e+139
0.6666666666666666 0.5 3.009370001981141e+139
0.8333333333333333 0.5 2.211096186082313e+139
