0.166667 0.666667 -1.535560309666945e+138
0.3333333333333333 0.6666666666666666 -1.312395409711431e+139
0.5 0.6666666666666666 -1.627363378171638e+139
0.6666666666666666 0.6666666666666666 -8.738402818014817e+138
0.8333333333333333 0.6666666666666666 -2.517721903354168e+138
0.1666666666666667 0.8333333333333333 5.95903568275473e+138
0.3333333333333333 0.8333333333333333 3.920094228179663e+138
0.5 0.8333333333333333 5.898968400393085e+136
0.6666666666666666 0.8333333333333333 -2.31187806313365e+138
0.8333333333333333 0.8333333333333333 -2.231088232041719e+138
