0.166667 0.666667 2.33645649117419e+100
0.3333333333333333 0.6666666666666666 4.270775211107027e+101
0.5 0.6666666666666666 4.685223581249439e+101
0.6666666666666666 0.6666666666666666 2.063305577176157e+101
0.8333333333333333 0.6666666666666666 6.093946361877896e+100
0.1666666666666667 0.8333333333333333 -1.900179876321921e+101
0.3333333333333333 0.8333333333333333 -1.059441474324476e+101
0.5 0.8333333333333333 2.322010670590082e+100
0.6666666666666666 0.8333333333333333 8.351461737760198e+100
0.8333333333333333 0.8333333333333333 5.018878012776851e+100
