0.166667 0.166667 8.594438093323634e+103
0.3333333333333333 0.1666666666666667 -7.235033158920358e+103
0.5 0.1666666666666667 -1.825507759678533e+104
0.6666666666666666 0.1666666666666667 -1.435065775605219e+104
0.8333333333333333 0.1666666666666667 -9.985691826874492e+103
0.1666666666666667 0.3333333333333333 -3.444207916639255e+104
0.3333333333333333 0.3333333333333333 -4.194560447387895e+104
0.5 0.3333333333333333 -3.899805750474694e+104
0.6666666666666666 0.3333333333333333 -7.200674927684605e+103
0.8333333333333333 0.3333333333333333 2.888302890876168e+103
0.1666666666666667 0.5 -2.286076785458411e+104
0.3333333333333333 0.5 1.16784590613147e+105
0.5 0.5 1.253649168373992e+105
0.6666666666666666 0.5 1.378657402505177e+105
0.8333333333333333 0.5 8.881254832739207e+104
