0.166667 0.666667 -3.444207916639253e+104
0.3333333333333333 0.6666666666666666 -4.194560447387895e+104
0.5 0.6666666666666666 -3.899805750474696e+104
0.6666666666666666 0.6666666666666666 -7.20067492768462e+103
0.8333333333333333 0.6666666666666666 2.888302890876164e+103
0.1666666666666667 0.8333333333333333 8.594438093323644e+103
0.3333333333333333 0.8333333333333333 -7.235033158920348e+103
0.5 0.8333333333333333 -1.825507759678534e+104
0.6666666666666666 0.8333333333333333 -1.435065775605219e+104
0.8333333333333333 0.8333333333333333 -9.985691826874493e+103
