0.166667 0.166667 1.049463522011691e+41
0.3333333333333333 0.1666666666666667 1.019852798553874e+41
0.5 0.1666666666666667 3.590691808184333e+40
0.6666666666666666 0.1666666666666667 -3.215649723534964e+40
0.8333333333333333 0.1666666666666667 -5.224291229686456e+40
0.1666666666666667 0.3333333333333333 -2.591331219474198e+40
0.3333333333333333 0.3333333333333333 -2.115274005436858e+41
0.5 0.3333333333333333 -3.696313665605789e+41
0.6666666666666666 0.3333333333333333 -2.572189377608043e+41
0.8333333333333333 0.3333333333333333 -1.006832227278988e+41
0.1666666666666667 0.5 -1.518081880199188e+41
0.3333333333333333 0.5 -1.336101956635866e+41
0.5 0.5 4.484599971824314e+40
0.6666666666666666 0.5 6.0461550610422e+41
0.8333333333333333 0.5 5.700096428332588e+41
