0.166667 0.166667 -1.039917756328201e+38
0.3333333333333333 0.1666666666666667 -8.376693223148149e+37
0.5 0.1666666666666667 -9.472781290158308e+37
0.6666666666666666 0.1666666666666667 -5.639461415347742e+37
0.8333333333333333 0.1666666666666667 -1.616205392375601e+37
0.1666666666666667 0.3333333333333333 -6.864680577768181e+37
0.3333333333333333 0.3333333333333333 1.455442939072327e+38
0.5 0.3333333333333333 1.311768740666398e+38
0.6666666666666666 0.3333333333333333 1.430042160366679e+38
0.8333333333333333 0.3333333333333333 1.181864753470088e+38
0.1666666666666667 0.5 1.440321084886782e+38
0.3333333333333333 0.5 4.500040845440574e+38
0.5 0.5 3.269769259144668e+38
0.6666666666666666 0.5 1.756313246610458e+38
0.8333333333333333 0.5 1.08389862968723e+38
