0.166667 0.166667 622041250.4683567
0.3333333333333333 0.1666666666666667 583352433.8631266
0.5 0.1666666666666667 210407968.4523702
0.6666666666666666 0.1666666666666667 -233528393.8210326
0.8333333333333333 0.1666666666666667 -298859304.4317287
0.1666666666666667 0.3333333333333333 -263059381.4346942
0.3333333333333333 0.3333333333333333 -1285083495.08442
0.5 0.3333333333333333 -2290391635.764817
0.6666666666666666 0.3333333333333333 -1556737808.270009
0.8333333333333333 0.3333333333333333 -565410040.5385936
0.1666666666666667 0.5 -936847579.0019902
0.3333333333333333 0.5 -377465155.4646002
0.5 0.5 240133492.2729034
0.6666666666666666 0.5 3929337899.768667
0.8333333333333333 0.5 3358134724.199497
