0.166667 0.166667 -1.516660473360428e+28
0.3333333333333333 0.1666666666666667 -1.105449087855908e+28
0.5 0.1666666666666667 -3.208621573730609e+27
0.6666666666666666 0.1666666666666667 2.826364874608815e+27
0.8333333333333333 0.1666666666666667 2.003293805000559e+27
0.1666666666666667 0.3333333333333333 -4.204110669629385e+27
0.3333333333333333 0.3333333333333333 2.950869186968441e+28
0.5 0.3333333333333333 3.429507416557841e+28
0.6666666666666666 0.3333333333333333 1.851503610986602e+28
0.8333333333333333 0.3333333333333333 7.785765821837206e+27
0.1666666666666667 0.5 2.277451230965024e+28
0.3333333333333333 0.5 5.058311044061768e+28
0.5 0.5 8.483950813159626e+27
0.6666666666666666 0.5 -3.297037186645063e+28
0.8333333333333333 0.5 -9.377880590463505e+27
