0.166667 0.166667 8.31864366365276e+17
0.3333333333333333 0.1666666666666667 -1.258819868851022e+18
0.5 0.1666666666666667 -2.236332801808216e+18
0.6666666666666666 0.1666666666666667 -1.276439050669962e+18
0.8333333333333333 0.1666666666666667 -8.673174354988417e+17
0.1666666666666667 0.3333333333333333 -4.94490334103438e+18
0.3333333333333333 0.3333333333333333 -4.629953888369009e+18
0.5 0.3333333333333333 -3.806594715242388e+18
0.6666666666666666 0.3333333333333333 2.805288913520762e+16
0.8333333333333333 0.3333333333333333 2.887497035279693e+17
0.1666666666666667 0.5 -2.501217483296479e+18
0.3333333333333333 0.5 1.868798223927445e+19
0.5 0.5 1.702685273505645e+19
0.6666666666666666 0.5 1.674318798934272e+19
0.8333333333333333 0.5 1.005065932268353e+19
