0.166667 0.666667 6.124386825898288e+62
0.3333333333333333 0.6666666666666666 2.019132750558536e+63
0.5 0.6666666666666666 2.519312705491147e+63
0.6666666666666666 0.6666666666666666 1.551915819526744e+63
0.8333333333333333 0.6666666666666666 7.102295132649534e+62
0.1666666666666667 0.8333333333333333 -8.470134279222314e+62
0.3333333333333333 0.8333333333333333 -4.667629292738965e+62
0.5 0.8333333333333333 -5.32398118719405e+61
0.6666666666666666 0.8333333333333333 2.226825368235835e+62
0.8333333333333333 0.8333333333333333 3.418456277722238e+62
