0.166667 0.166667 3.539451181771584e+107
0.3333333333333333 0.1666666666666667 1.776342091562081e+107
0.5 0.1666666666666667 -1.005733832045657e+107
0.6666666666666666 0.1666666666666667 -2.120088102868491e+107
0.8333333333333333 0.1666666666666667 -1.29859688341836e+107
0.1666666666666667 0.3333333333333333 -9.955720863373438e+106
0.3333333333333333 0.3333333333333333 -8.593134676334396e+107
0.5 0.3333333333333333 -9.470000708974146e+107
0.6666666666666666 0.3333333333333333 -4.079598750372681e+107
0.8333333333333333 0.3333333333333333 -9.440108493226921e+106
0.1666666666666667 0.5 -5.725780458070033e+107
0.3333333333333333 0.5 -3.893127057651077e+107
0.5 0.5 7.835440170155509e+107
0.6666666666666666 0.5 1.694733277112629e+108
0.8333333333333333 0.5 8.643402982039649e+107
