0.166667 0.666667 1494353982421994
0.3333333333333333 0.6666666666666666 5551199761094684
0.5 0.6666666666666666 5275912285374786
0.6666666666666666 0.6666666666666666 1240804089580332
0.8333333333333333 0.6666666666666666 246484091752309.8
0.1666666666666667 0.8333333333333333 -1969312478663994
0.3333333333333333 0.8333333333333333 -431283182047441.1
0.5 0.8333333333333333 1234266652139918
0.6666666666666666 0.8333333333333333 1332275036360911
0.8333333333333333 0.8333333333333333 641398446362622.1
