0.166667 0.666667 -9.955720863373438e+106
0.3333333333333333 0.6666666666666666 -8.593134676334396e+107
0.5 0.6666666666666666 -9.470000708974139e+107
0.6666666666666666 0.6666666666666666 -4.079598750372681e+107
0.8333333333333333 0.6666666666666666 -9.440108493226921e+106
0.1666666666666667 0.8333333333333333 3.539451181771584e+107
0.3333333333333333 0.8333333333333333 1.776342091562081e+107
0.5 0.8333333333333333 -1.005733832045657e+107
0.6666666666666666 0.8333333333333333 -2.120088102868491e+107
0.8333333333333333 0.8333333333333333 -1.29859688341836e+107
