0.166667 0.166667 178.8256729200903
0.3333333333333333 0.1666666666666667 -701.4959011308051
0.5 0.1666666666666667 -659.1832838136778
0.6666666666666666 0.1666666666666667 82.28323267707133
0.8333333333333333 0.1666666666666667 167.773120088799
0.1666666666666667 0.3333333333333333 -1470.945157087745
0.3333333333333333 0.3333333333333333 -1308.867475002306
0.5 0.3333333333333333 -180.7822360699834
0.6666666666666666 0.3333333333333333 964.3112442284785
0.8333333333333333 0.3333333333333333 -308.2629997909882
0.1666666666666667 0.5 -831.4774265752732
0.3333333333333333 0.5 5603.085374874474
0.5 0.5 4074.310958671618
0.6666666666666666 0.5 1836.549986215936
0.8333333333333333 0.5 -1609.160926530263
