0.166667 0.666667 -263059381.4346941
0.3333333333333333 0.6666666666666666 -1285083495.08442
0.5 0.6666666666666666 -2290391635.764817
0.6666666666666666 0.6666666666666666 -1556737808.270009
0.8333333333333333 0.6666666666666666 -565410040.5385938
0.1666666666666667 0.8333333333333333 622041250.4683566
0.3333333333333333 0.8333333333333333 583352433.8631263
0.5 0.8333333333333333 210407968.4523698
0.6666666666666666 0.8333333333333333 -233528393.8210332
0.8333333333333333 0.8333333333333333 -298859304.4317291
