0.166667 0.166667 -1.458456695290918e+129
0.3333333333333333 0.1666666666666667 -4.675990029937365e+128
0.5 0.1666666666666667 6.108406627769187e+128
0.6666666666666666 0.1666666666666667 8.778706729937909e+128
0.8333333333333333 0.1666666666666667 8.790953469228823e+128
0.1666666666666667 0.3333333333333333 1.962768905634933e+129
0.3333333333333333 0.3333333333333333 4.235375506143482e+129
0.5 0.3333333333333333 5.053863951808652e+129
0.6666666666666666 0.3333333333333333 2.446098173856168e+129
0.8333333333333333 0.3333333333333333 8.725188688485966e+128
0.1666666666666667 0.5 2.703268443107026e+129
0.3333333333333333 0.5 -4.540585091657479e+129
0.5 0.5 -6.776360677956687e+129
0.6666666666666666 0.5 -1.14331392473124e+130
0.8333333333333333 0.5 -8.493549624619544e+129
