0.166667 0.666667 6.438699782904444e+24
0.3333333333333333 0.6666666666666666 1.36657699083639e+25
0.5 0.6666666666666666 1.367833833380401e+25
0.6666666666666666 0.6666666666666666 4.065656798514055e+24
0.8333333333333333 0.6666666666666666 -6.7236407567109e+23
0.1666666666666667 0.8333333333333333 -4.270530711938472e+24
0.3333333333333333 0.8333333333333333 -2.939322495694078e+23
0.5 0.8333333333333333 3.794936223619426e+24
0.6666666666666666 0.8333333333333333 4.162865044691038e+24
0.8333333333333333 0.8333333333333333 2.799681564268239e+24
