0.0196078 0.001699875583888786
0.0392156862745098 0.003331756144422021
0.05882352941176471 0.004895641681599704
0.07843137254901961 0.006391532195421836
0.09803921568627451 0.007819427685888418
0.1176470588235294 0.009179328152999443
0.1372549019607843 0.01047123359675492
0.1568627450980392 0.01169514401715485
0.1764705882352941 0.01285105941419922
0.196078431372549 0.01393897978788805
0.2156862745098039 0.01495890513822132
0.2352941176470588 0.01591083546519904
0.2549019607843137 0.01679477076882121
0.2745098039215687 0.01761071104908783
0.2941176470588235 0.01835865630599889
0.3137254901960784 0.0190386065395544
0.3333333333333333 0.01965056174975437
0.3529411764705882 0.02019452193659878
0.3725490196078431 0.02067048710008764
0.392156862745098 0.02107845724022095
0.4117647058823529 0.0214184323569987
0.4313725490196079 0.02169041245042091
0.4509803921568628 0.02189439752048757
0.4705882352941176 0.02203038756719867
0.4901960784313725 0.02209838259055422
0.5098039215686274 0.02209838259055422
0.5294117647058824 0.02203038756719867
0.5490196078431373 0.02189439752048757
0.5686274509803921 0.02169041245042091
0.5882352941176471 0.0214184323569987
0.6078431372549019 0.02107845724022095
0.6274509803921569 0.02067048710008764
0.6470588235294118 0.02019452193659878
0.6666666666666666 0.01965056174975437
0.6862745098039216 0.0190386065395544
0.7058823529411764 0.01835865630599889
0.7254901960784313 0.01761071104908783
0.7450980392156863 0.01679477076882121
0.7647058823529411 0.01591083546519904
0.7843137254901961 0.01495890513822132
0.803921568627451 0.01393897978788805
0.8235294117647058 0.01285105941419923
0.8431372549019608 0.01169514401715485
0.8627450980392157 0.01047123359675492
0.8823529411764706 0.009179328152999447
0.9019607843137255 0.007819427685888416
0.9215686274509803 0.006391532195421839
0.9411764705882353 0.004895641681599705
0.9607843137254902 0.003331756144422019
0.9803921568627451 0.00169987558388879
