0.0196078 0.001699875583878693
0.0392156862745098 0.003331756144417278
0.05882352941176471 0.004895641681584578
0.07843137254901961 0.006391532195402556
0.09803921568627451 0.007819427685879315
0.1176470588235294 0.009179328152984695
0.1372549019607843 0.01047123359676457
0.1568627450980392 0.01169514401716789
0.1764705882352941 0.01285105941423036
0.196078431372549 0.01393897978792594
0.2156862745098039 0.01495890513825299
0.2352941176470588 0.01591083546521393
0.2549019607843137 0.01679477076881047
0.2745098039215687 0.01761071104904546
0.2941176470588235 0.01835865630597857
0.3137254901960784 0.0190386065395167
0.3333333333333333 0.01965056174971563
0.3529411764705882 0.02019452193657164
0.3725490196078431 0.02067048710008937
0.392156862745098 0.02107845724024665
0.4117647058823529 0.02141843235704307
0.4313725490196079 0.02169041245045979
0.4509803921568628 0.02189439752049752
0.4705882352941176 0.02203038756719099
0.4901960784313725 0.02209838259052753
0.5098039215686274 0.02209838259052581
0.5294117647058824 0.02203038756719256
0.5490196078431373 0.02189439752049575
0.5686274509803921 0.02169041245046101
0.5882352941176471 0.02141843235704134
0.6078431372549019 0.02107845724024805
0.6274509803921569 0.02067048710008774
0.6470588235294118 0.02019452193657273
0.6666666666666666 0.01965056174971385
0.6862745098039216 0.01903860653951753
0.7058823529411764 0.0183586563059766
0.7254901960784313 0.01761071104904618
0.7450980392156863 0.01679477076880893
0.7647058823529411 0.01591083546521433
0.7843137254901961 0.01495890513825118
0.803921568627451 0.01393897978792633
0.8235294117647058 0.0128510594142288
0.8431372549019608 0.0116951440171681
0.8627450980392157 0.0104712335967633
0.8823529411764706 0.009179328152984919
0.9019607843137255 0.007819427685878351
0.9215686274509803 0.006391532195402773
0.9411764705882353 0.004895641681583997
0.9607843137254902 0.003331756144417333
0.9803921568627451 0.001699875583878502
