0.0196078 0.001699875583884162
0.0392156862745098 0.0033317561444153
0.05882352941176471 0.004895641681586656
0.07843137254901961 0.006391532195405453
0.09803921568627451 0.00781942768587203
0.1176470588235294 0.009179328152990699
0.1372549019607843 0.01047123359676382
0.1568627450980392 0.01169514401716757
0.1764705882352941 0.01285105941423073
0.196078431372549 0.01393897978792396
0.2156862745098039 0.01495890513824695
0.2352941176470588 0.01591083546522232
0.2549019607843137 0.01679477076880995
0.2745098039215687 0.01761071104905582
0.2941176470588235 0.01835865630597446
0.3137254901960784 0.01903860653952862
0.3333333333333333 0.01965056174972076
0.3529411764705882 0.0201945219365773
0.3725490196078431 0.02067048710008786
0.392156862745098 0.02107845724025178
0.4117647058823529 0.02141843235703319
0.4313725490196079 0.02169041245045665
0.4509803921568628 0.02189439752049486
0.4705882352941176 0.02203038756719072
0.4901960784313725 0.02209838259053065
0.5098039215686274 0.02209838259053076
0.5294117647058824 0.02203038756719081
0.5490196078431373 0.02189439752049493
0.5686274509803921 0.02169041245045695
0.5882352941176471 0.02141843235703299
0.6078431372549019 0.02107845724025193
0.6274509803921569 0.02067048710008775
0.6470588235294118 0.02019452193657707
0.6666666666666666 0.01965056174972063
0.6862745098039216 0.01903860653952866
0.7058823529411764 0.01835865630597433
0.7254901960784313 0.01761071104905585
0.7450980392156863 0.01679477076881001
0.7647058823529411 0.01591083546522232
0.7843137254901961 0.01495890513824707
0.803921568627451 0.01393897978792393
0.8235294117647058 0.01285105941423062
0.8431372549019608 0.01169514401716767
0.8627450980392157 0.01047123359676389
0.8823529411764706 0.009179328152990732
0.9019607843137255 0.007819427685872044
0.9215686274509803 0.006391532195405581
0.9411764705882353 0.004895641681586551
0.9607843137254902 0.003331756144415467
0.9803921568627451 0.001699875583884243
