0.0196078 0.001699875583878704
0.0392156862745098 0.003331756144416945
0.05882352941176471 0.004895641681584147
0.07843137254901961 0.006391532195401965
0.09803921568627451 0.007819427685878509
0.1176470588235294 0.009179328152984197
0.1372549019607843 0.01047123359676395
0.1568627450980392 0.01169514401716724
0.1764705882352941 0.01285105941422971
0.196078431372549 0.01393897978792515
0.2156862745098039 0.01495890513825221
0.2352941176470588 0.0159108354652133
0.2549019607843137 0.01679477076881019
0.2745098039215687 0.0176107110490451
0.2941176470588235 0.01835865630597779
0.3137254901960784 0.01903860653951619
0.3333333333333333 0.01965056174971521
0.3529411764705882 0.02019452193657096
0.3725490196078431 0.02067048710008882
0.392156862745098 0.02107845724024608
0.4117647058823529 0.02141843235704226
0.4313725490196079 0.02169041245045888
0.4509803921568628 0.02189439752049671
0.4705882352941176 0.02203038756719033
0.4901960784313725 0.02209838259052702
0.5098039215686274 0.02209838259052527
0.5294117647058824 0.02203038756719196
0.5490196078431373 0.02189439752049483
0.5686274509803921 0.02169041245046047
0.5882352941176471 0.02141843235704004
0.6078431372549019 0.02107845724024753
0.6274509803921569 0.0206704871000867
0.6470588235294118 0.02019452193657222
0.6666666666666666 0.01965056174971338
0.6862745098039216 0.01903860653951739
0.7058823529411764 0.01835865630597608
0.7254901960784313 0.01761071104904595
0.7450980392156863 0.01679477076880823
0.7647058823529411 0.01591083546521426
0.7843137254901961 0.01495890513825072
0.803921568627451 0.01393897978792592
0.8235294117647058 0.01285105941422869
0.8431372549019608 0.0116951440171679
0.8627450980392157 0.01047123359676298
0.8823529411764706 0.009179328152984596
0.9019607843137255 0.007819427685877746
0.9215686274509803 0.00639153219540235
0.9411764705882353 0.004895641681583759
0.9607843137254902 0.003331756144417052
0.9803921568627451 0.001699875583878544
