0.0196078 0.001699875583877939
0.0392156862745098 0.003331756144416869
0.05882352941176471 0.00489564168158356
0.07843137254901961 0.006391532195401263
0.09803921568627451 0.007819427685878537
0.1176470588235294 0.00917932815298309
0.1372549019607843 0.01047123359676322
0.1568627450980392 0.01169514401716665
0.1764705882352941 0.01285105941422883
0.196078431372549 0.01393897978792461
0.2156862745098039 0.01495890513825188
0.2352941176470588 0.01591083546521214
0.2549019607843137 0.01679477076880908
0.2745098039215687 0.01761071104904346
0.2941176470588235 0.01835865630597721
0.3137254901960784 0.01903860653951454
0.3333333333333333 0.01965056174971365
0.3529411764705882 0.02019452193657002
0.3725490196078431 0.02067048710008785
0.392156862745098 0.02107845724024505
0.4117647058823529 0.02141843235704235
0.4313725490196079 0.02169041245045902
0.4509803921568628 0.0218943975204961
0.4705882352941176 0.02203038756719006
0.4901960784313725 0.02209838259052588
0.5098039215686274 0.02209838259052472
0.5294117647058824 0.02203038756719146
0.5490196078431373 0.02189439752049495
0.5686274509803921 0.02169041245046009
0.5882352941176471 0.02141843235704069
0.6078431372549019 0.02107845724024639
0.6274509803921569 0.02067048710008675
0.6470588235294118 0.02019452193657071
0.6666666666666666 0.01965056174971263
0.6862745098039216 0.01903860653951573
0.7058823529411764 0.01835865630597588
0.7254901960784313 0.01761071104904412
0.7450980392156863 0.01679477076880805
0.7647058823529411 0.01591083546521272
0.7843137254901961 0.01495890513825101
0.803921568627451 0.01393897978792558
0.8235294117647058 0.01285105941422836
0.8431372549019608 0.01169514401716752
0.8627450980392157 0.01047123359676303
0.8823529411764706 0.009179328152983977
0.9019607843137255 0.007819427685878528
0.9215686274509803 0.006391532195401878
0.9411764705882353 0.004895641681583644
0.9607843137254902 0.003331756144417229
0.9803921568627451 0.001699875583877925
