0.0196078 0.001699875583878212
0.0392156862745098 0.003331756144417191
0.05882352941176471 0.004895641681584169
0.07843137254901961 0.006391532195402094
0.09803921568627451 0.00781942768587906
0.1176470588235294 0.009179328152984048
0.1372549019607843 0.01047123359676413
0.1568627450980392 0.01169514401716751
0.1764705882352941 0.01285105941422966
0.196078431372549 0.01393897978792556
0.2156862745098039 0.01495890513825253
0.2352941176470588 0.01591083546521303
0.2549019607843137 0.01679477076881014
0.2745098039215687 0.01761071104904462
0.2941176470588235 0.01835865630597816
0.3137254901960784 0.0190386065395157
0.3333333333333333 0.01965056174971489
0.3529411764705882 0.02019452193657098
0.3725490196078431 0.02067048710008924
0.392156862745098 0.02107845724024612
0.4117647058823529 0.02141843235704321
0.4313725490196079 0.02169041245046003
0.4509803921568628 0.02189439752049717
0.4705882352941176 0.02203038756719095
0.4901960784313725 0.02209838259052706
0.5098039215686274 0.02209838259052552
0.5294117647058824 0.02203038756719211
0.5490196078431373 0.02189439752049579
0.5686274509803921 0.02169041245046103
0.5882352941176471 0.02141843235704141
0.6078431372549019 0.02107845724024782
0.6274509803921569 0.02067048710008787
0.6470588235294118 0.02019452193657207
0.6666666666666666 0.01965056174971366
0.6862745098039216 0.01903860653951692
0.7058823529411764 0.01835865630597696
0.7254901960784313 0.01761071104904573
0.7450980392156863 0.01679477076880901
0.7647058823529411 0.01591083546521387
0.7843137254901961 0.01495890513825171
0.803921568627451 0.01393897978792642
0.8235294117647058 0.01285105941422905
0.8431372549019608 0.01169514401716808
0.8627450980392157 0.01047123359676341
0.8823529411764706 0.009179328152984449
0.9019607843137255 0.007819427685878892
0.9215686274509803 0.006391532195402351
0.9411764705882353 0.004895641681583793
0.9607843137254902 0.003331756144417257
0.9803921568627451 0.001699875583878073
