0.0196078 0.001699875583880823
0.0392156862745098 0.003331756144416333
0.05882352941176471 0.004895641681585346
0.07843137254901961 0.006391532195403361
0.09803921568627451 0.007819427685876464
0.1176470588235294 0.009179328152986714
0.1372549019607843 0.01047123359676464
0.1568627450980392 0.01169514401716718
0.1764705882352941 0.01285105941423069
0.196078431372549 0.01393897978792437
0.2156862745098039 0.01495890513825102
0.2352941176470588 0.01591083546521623
0.2549019607843137 0.01679477076881072
0.2745098039215687 0.01761071104904835
0.2941176470588235 0.01835865630597708
0.3137254901960784 0.01903860653952049
0.3333333333333333 0.01965056174971769
0.3529411764705882 0.02019452193657266
0.3725490196078431 0.02067048710008911
0.392156862745098 0.0210784572402474
0.4117647058823529 0.02141843235703928
0.4313725490196079 0.02169041245045725
0.4509803921568628 0.02189439752049673
0.4705882352941176 0.02203038756718968
0.4901960784313725 0.02209838259052883
0.5098039215686274 0.02209838259052635
0.5294117647058824 0.02203038756719201
0.5490196078431373 0.02189439752049434
0.5686274509803921 0.02169041245045983
0.5882352941176471 0.02141843235703695
0.6078431372549019 0.0210784572402498
0.6274509803921569 0.02067048710008675
0.6470588235294118 0.02019452193657465
0.6666666666666666 0.01965056174971538
0.6862745098039216 0.01903860653952202
0.7058823529411764 0.01835865630597488
0.7254901960784313 0.01761071104904991
0.7450980392156863 0.01679477076880869
0.7647058823529411 0.01591083546521744
0.7843137254901961 0.01495890513824895
0.803921568627451 0.01393897978792558
0.8235294117647058 0.01285105941422901
0.8431372549019608 0.01169514401716805
0.8627450980392157 0.01047123359676341
0.8823529411764706 0.009179328152987526
0.9019607843137255 0.007819427685875551
0.9215686274509803 0.006391532195403794
0.9411764705882353 0.004895641681584873
0.9607843137254902 0.003331756144416713
0.9803921568627451 0.001699875583880723
