0.0196078 0.001699875583884198
0.0392156862745098 0.003331756144415557
0.05882352941176471 0.004895641681586503
0.07843137254901961 0.006391532195405199
0.09803921568627451 0.007819427685871926
0.1176470588235294 0.009179328152990249
0.1372549019607843 0.01047123359676417
0.1568627450980392 0.01169514401716726
0.1764705882352941 0.01285105941423112
0.196078431372549 0.013938979787924
0.2156862745098039 0.01495890513824807
0.2352941176470588 0.01591083546522198
0.2549019607843137 0.01679477076881087
0.2745098039215687 0.01761071104905523
0.2941176470588235 0.01835865630597486
0.3137254901960784 0.01903860653952811
0.3333333333333333 0.01965056174972093
0.3529411764705882 0.02019452193657689
0.3725490196078431 0.02067048710008821
0.392156862745098 0.02107845724025113
0.4117647058823529 0.02141843235703359
0.4313725490196079 0.02169041245045634
0.4509803921568628 0.02189439752049531
0.4705882352941176 0.02203038756719024
0.4901960784313725 0.02209838259053054
0.5098039215686274 0.02209838259053005
0.5294117647058824 0.02203038756719096
0.5490196078431373 0.02189439752049476
0.5686274509803921 0.02169041245045733
0.5882352941176471 0.02141843235703304
0.6078431372549019 0.02107845724025189
0.6274509803921569 0.02067048710008759
0.6470588235294118 0.02019452193657751
0.6666666666666666 0.01965056174972047
0.6862745098039216 0.01903860653952857
0.7058823529411764 0.01835865630597435
0.7254901960784313 0.0176107110490555
0.7450980392156863 0.01679477076881046
0.7647058823529411 0.01591083546522261
0.7843137254901961 0.01495890513824781
0.803921568627451 0.01393897978792469
0.8235294117647058 0.01285105941423097
0.8431372549019608 0.01169514401716807
0.8627450980392157 0.01047123359676436
0.8823529411764706 0.009179328152990798
0.9019607843137255 0.007819427685872113
0.9215686274509803 0.006391532195405528
0.9411764705882353 0.004895641681586629
0.9607843137254902 0.003331756144415722
0.9803921568627451 0.001699875583884222
