0.0196078 0.00169987558387789
0.0392156862745098 0.003331756144417206
0.05882352941176471 0.004895641681583821
0.07843137254901961 0.00639153219540182
0.09803921568627451 0.007819427685879151
0.1176470588235294 0.009179328152983512
0.1372549019607843 0.01047123359676384
0.1568627450980392 0.01169514401716725
0.1764705882352941 0.01285105941422905
0.196078431372549 0.01393897978792526
0.2156862745098039 0.01495890513825198
0.2352941176470588 0.01591083546521203
0.2549019607843137 0.01679477076880907
0.2745098039215687 0.01761071104904346
0.2941176470588235 0.01835865630597717
0.3137254901960784 0.01903860653951444
0.3333333333333333 0.01965056174971332
0.3529411764705882 0.02019452193657005
0.3725490196078431 0.02067048710008772
0.392156862745098 0.02107845724024512
0.4117647058823529 0.02141843235704243
0.4313725490196079 0.02169041245045913
0.4509803921568628 0.02189439752049604
0.4705882352941176 0.02203038756719001
0.4901960784313725 0.02209838259052563
0.5098039215686274 0.02209838259052464
0.5294117647058824 0.02203038756719123
0.5490196078431373 0.02189439752049504
0.5686274509803921 0.02169041245046018
0.5882352941176471 0.02141843235704109
0.6078431372549019 0.02107845724024634
0.6274509803921569 0.02067048710008719
0.6470588235294118 0.02019452193657063
0.6666666666666666 0.01965056174971221
0.6862745098039216 0.01903860653951554
0.7058823529411764 0.01835865630597664
0.7254901960784313 0.01761071104904412
0.7450980392156863 0.01679477076880854
0.7647058823529411 0.01591083546521293
0.7843137254901961 0.01495890513825162
0.803921568627451 0.01393897978792627
0.8235294117647058 0.01285105941422902
0.8431372549019608 0.01169514401716794
0.8627450980392157 0.01047123359676366
0.8823529411764706 0.009179328152984285
0.9019607843137255 0.007819427685879106
0.9215686274509803 0.006391532195402398
0.9411764705882353 0.004895641681583976
0.9607843137254902 0.003331756144417571
0.9803921568627451 0.001699875583878017
