0.0196078 0.001699875583878911
0.0392156862745098 0.003331756144416734
0.05882352941176471 0.004895641681584174
0.07843137254901961 0.006391532195402056
0.09803921568627451 0.007819427685877916
0.1176470588235294 0.009179328152984199
0.1372549019607843 0.01047123359676377
0.1568627450980392 0.01169514401716697
0.1764705882352941 0.01285105941422955
0.196078431372549 0.01393897978792443
0.2156862745098039 0.0149589051382514
0.2352941176470588 0.01591083546521337
0.2549019607843137 0.01679477076880971
0.2745098039215687 0.01761071104904495
0.2941176470588235 0.01835865630597686
0.3137254901960784 0.01903860653951603
0.3333333333333333 0.01965056174971479
0.3529411764705882 0.02019452193657049
0.3725490196078431 0.02067048710008806
0.392156862745098 0.02107845724024545
0.4117647058823529 0.02141843235704134
0.4313725490196079 0.02169041245045785
0.4509803921568628 0.02189439752049598
0.4705882352941176 0.0220303875671895
0.4901960784313725 0.02209838259052669
0.5098039215686274 0.0220983825905247
0.5294117647058824 0.02203038756719108
0.5490196078431373 0.02189439752049415
0.5686274509803921 0.02169041245045968
0.5882352941176471 0.02141843235703916
0.6078431372549019 0.02107845724024731
0.6274509803921569 0.02067048710008595
0.6470588235294118 0.02019452193657187
0.6666666666666666 0.01965056174971294
0.6862745098039216 0.01903860653951745
0.7058823529411764 0.01835865630597509
0.7254901960784313 0.01761071104904622
0.7450980392156863 0.0167947707688079
0.7647058823529411 0.01591083546521424
0.7843137254901961 0.0149589051382501
0.803921568627451 0.01393897978792553
0.8235294117647058 0.01285105941422847
0.8431372549019608 0.01169514401716789
0.8627450980392157 0.0104712335967629
0.8823529411764706 0.00917932815298491
0.9019607843137255 0.007819427685877359
0.9215686274509803 0.00639153219540245
0.9411764705882353 0.004895641681583784
0.9607843137254902 0.003331756144416913
0.9803921568627451 0.001699875583878784
